1.33316539434 1.01152049329 1.2515126647 1.02335555976 1.41952084857 319.664460764
1.11490748814 1.21386010838 0.031534435847 1.27454628028 1.44308176231 340.583612843
1.14480672061 1.11747910776 0.0199997156077 1.06124538231 1.35308501888 341.673473441
1.11490748814 1.21386010838 0.031534435847 1.27454628028 0.0737369332979 340.168541491
1.14480672061 1.11747910776 0.0199997156077 1.67285430733 2.99080357307 341.383841143
1.14480672061 1.11747910776 0.0199997156077 1.67285430733 2.99080357307 341.383841143
3.82651038789 0.594645517804 0.0199997156077 1.15665383995 0.0234864768743 343.479003118
1.47043971317 0.594645517804 0.0199997156077 1.15665383995 0.0234864768743 343.990378156
3.82651038789 0.594645517804 0.0199997156077 1.15665383995 0.0234864768743 343.479003118
3.82651038789 0.594645517804 0.0199997156077 1.15665383995 0.0234864768743 343.479003118
3.82651038789 0.594645517804 0.0199997156077 1.15665383995 0.0234864768743 343.479003118
3.82651038789 0.594645517804 0.0199997156077 1.15665383995 0.0234864768743 343.479003118
1.72825406499 0.900774959623 0.0199997156077 1.15665383995 0.0234864768743 343.79373077
1.72825406499 0.900774959623 0.0199997156077 1.15665383995 0.0234864768743 343.79373077
1.11490748814 0.69565460133 0.0199997156077 2.50755659122 0.00251169218911 343.269509799
0.200988425524 0.891190316024 0.0199997156077 1.61608674 0.00251169218911 343.640624393
1.47432985226 0.69565460133 0.0199997156077 1.61608674 0.0234864768743 343.617198438
0.200988425524 0.69565460133 0.0199997156077 1.61608674 0.0234864768743 343.964593073
0.200988425524 0.69565460133 0.0199997156077 1.61608674 0.0234864768743 343.964593073
0.200988425524 0.69565460133 0.0199997156077 1.61608674 0.0234864768743 343.964593073
0.0785443117861 0.780438309343 0.0199997156077 1.1802131167 0.00251169218911 344.914352156
1.47432985226 0.762817438539 0.0199997156077 1.61608674 0.00251169218911 344.159901473
1.47432985226 0.762817438539 0.0199997156077 1.61608674 0.00251169218911 344.159901473
0.200988425524 0.684281259544 0.0199997156077 0.124464317049 0.00251169218911 346.710951484
1.11490748814 0.762817438539 0.0199997156077 1.61608674 0.00251169218911 344.109970819
0.854897821362 0.762817438539 0.0199997156077 1.61608674 0.00251169218911 344.021798382
1.11490748814 0.684281259544 0.0373382838478 1.90665224766 0.0234864768743 344.387966979
1.11490748814 0.684281259544 0.0373382838478 1.90665224766 0.0234864768743 344.387966979
1.11490748814 0.684281259544 0.0373382838478 1.90665224766 0.0234864768743 344.387966979
0.24890922423 0.69565460133 0.0199997156077 0.27916936822 0.0234864768743 344.496303203
0.254856009516 0.883299895098 0.0199997156077 1.92002690865 0.0234864768743 344.557077788
0.254856009516 0.883299895098 0.0199997156077 1.61608674 0.0234864768743 344.559876957
0.254856009516 0.883299895098 0.0199997156077 1.61608674 0.0234864768743 344.559876957
0.254856009516 0.883299895098 0.0199997156077 1.61608674 0.0234864768743 344.559876957
0.254856009516 0.883299895098 0.0199997156077 1.61608674 0.0234864768743 344.559876957
0.254856009516 0.883299895098 0.0199997156077 1.61608674 0.0234864768743 344.559876957
0.0996494018335 0.883299895098 0.0199997156077 1.61608674 0.0234864768743 345.155297563
0.0996494018335 0.883299895098 0.0199997156077 1.61608674 0.0234864768743 345.155297563
0.0996494018335 0.883299895098 0.0199997156077 1.61608674 0.0234864768743 345.155297563
0.254856009516 0.560831721149 0.0373382838478 2.18044360711 0.0234864768743 345.100668749
0.0920120615357 0.883299895098 0.0199997156077 1.61608674 0.0234864768743 345.221597929
0.254856009516 0.560831721149 0.0373382838478 1.61608674 0.0234864768743 345.101591324
0.0920120615357 0.883299895098 0.0199997156077 1.61608674 0.0234864768743 345.221597929
0.0138411494934 0.883299895098 0.0199997156077 0.31878144958 0.0234864768743 345.852949618
0.0138411494934 0.883299895098 0.0199997156077 0.31878144958 0.0234864768743 345.852949618
0.0138411494934 0.883299895098 0.0199997156077 0.31878144958 0.0234864768743 345.852949618
0.0920120615357 0.560831721149 0.0373382838478 2.18044360711 0.0234864768743 345.512274784
0.0920120615357 0.560831721149 0.0373382838478 2.18044360711 0.0234864768743 345.512274784
0.0904322036418 0.560831721149 0.0373382838478 1.50769900809 0.0234864768743 346.003753656
0.0904322036418 0.560831721149 0.0373382838478 2.18044360711 0.0234864768743 345.555555345
0.254856009516 0.612494614195 0.0199997156077 0.0256355803939 0.0234864768743 353.491690571
0.0920120615357 0.612494614195 0.0199997156077 0.0256355803939 0.0234864768743 358.482909467
0.254856009516 0.612494614195 0.0199997156077 0.0256355803939 0.0234864768743 353.491690571
0.0920120615357 0.883299895098 0.0199997156077 0.0256355803939 0.0234864768743 359.662389774
0.0920120615357 0.883299895098 0.0199997156077 0.0256355803939 0.0234864768743 359.662389774
0.0920120615357 0.883299895098 0.0199997156077 0.0256355803939 0.0234864768743 359.662389774
0.0920120615357 0.883299895098 0.0199997156077 0.0256355803939 0.0234864768743 359.662389774
0.0920120615357 0.883299895098 0.0199997156077 0.0256355803939 0.0234864768743 359.662389774
0.0920120615357 0.883299895098 0.0199997156077 0.0256355803939 0.0234864768743 359.662389774
0.0920120615357 0.883299895098 0.0199997156077 0.0256355803939 0.0234864768743 359.662389774
0.0920120615357 0.883299895098 0.0199997156077 0.0256355803939 0.0234864768743 359.662389774
0.0920120615357 0.883299895098 0.0199997156077 0.0256355803939 0.0234864768743 359.662389774
0.0920120615357 0.883299895098 0.0199997156077 0.0256355803939 0.0234864768743 359.662389774
0.0920120615357 0.560831721149 0.0373382838478 0.00898483573649 0.0234864768743 360.081363383
0.0920120615357 0.560831721149 0.0373382838478 0.00898483573649 0.0234864768743 360.081363383
0.0920120615357 0.560831721149 0.0373382838478 0.00898483573649 0.0234864768743 360.081363383
0.0920120615357 0.560831721149 0.0373382838478 0.00898483573649 0.0234864768743 360.081363383
0.0920120615357 0.560831721149 0.0373382838478 0.00898483573649 0.0234864768743 360.081363383
0.0920120615357 0.560831721149 0.0373382838478 0.00898483573649 0.0234864768743 360.081363383
0.0920120615357 0.785254066826 0.0199997156077 0.0256355803939 0.0234864768743 360.076373455
0.0920120615357 0.560831721149 0.0373382838478 0.00898483573649 0.0234864768743 360.081363383
0.0920120615357 0.560831721149 0.0373382838478 0.00898483573649 0.0234864768743 360.081363383
0.0920120615357 0.560831721149 0.0373382838478 0.00898483573649 0.0234864768743 360.081363383
0.0920120615357 0.560831721149 0.0373382838478 0.00898483573649 0.0234864768743 360.081363383
0.0920120615357 0.560831721149 0.0373382838478 0.00898483573649 0.0234864768743 360.081363383
0.0920120615357 0.785254066826 0.0199997156077 0.0256355803939 0.0234864768743 360.076373455
0.0920120615357 0.785254066826 0.0199997156077 0.0256355803939 0.0234864768743 360.076373455
0.0920120615357 0.785254066826 0.0199997156077 0.0256355803939 0.0234864768743 360.076373455
0.0920120615357 0.785254066826 0.0199997156077 0.0256355803939 0.0234864768743 360.076373455
0.0920120615357 0.785254066826 0.0199997156077 0.0256355803939 0.0234864768743 360.076373455
0.0920120615357 0.785254066826 0.0199997156077 0.0256355803939 0.0234864768743 360.076373455
0.0920120615357 0.785254066826 0.0199997156077 0.0256355803939 0.0234864768743 360.076373455
0.112041322986 0.785254066826 0.0199997156077 0.0256355803939 0.0234864768743 360.305138037
0.0384230552707 0.785254066826 0.0199997156077 0.0256355803939 0.0234864768743 360.514723885
0.0384230552707 0.785254066826 0.0199997156077 0.0256355803939 0.0234864768743 360.514723885
0.0384230552707 0.785254066826 0.0199997156077 0.0256355803939 0.0234864768743 360.514723885
0.0384230552707 0.785254066826 0.0199997156077 0.0256355803939 0.0234864768743 360.514723885
0.0384230552707 0.785254066826 0.0199997156077 0.0256355803939 0.0234864768743 360.514723885
0.0384230552707 0.785254066826 0.0199997156077 0.0256355803939 0.0234864768743 360.514723885
0.0384230552707 0.785254066826 0.0199997156077 0.0256355803939 0.0234864768743 360.514723885
0.0384230552707 0.785254066826 0.0199997156077 0.0256355803939 0.0234864768743 360.514723885
0.0384230552707 0.785254066826 0.0199997156077 0.0256355803939 0.0234864768743 360.514723885
0.0384230552707 0.785254066826 0.0199997156077 0.0256355803939 0.0234864768743 360.514723885
0.0384230552707 0.785254066826 0.0199997156077 0.0256355803939 0.0234864768743 360.514723885
0.0384230552707 0.785254066826 0.0199997156077 0.0256355803939 0.0234864768743 360.514723885
0.0384230552707 0.785254066826 0.0199997156077 0.0256355803939 0.0234864768743 360.514723885
0.0384230552707 0.785254066826 0.0199997156077 0.0256355803939 0.0234864768743 360.514723885
0.0384230552707 0.785254066826 0.0199997156077 0.0256355803939 0.0234864768743 360.514723885
0.0384230552707 0.785254066826 0.0199997156077 0.0256355803939 0.0234864768743 360.514723885
0.0384230552707 0.785254066826 0.0199997156077 0.0256355803939 0.0234864768743 360.514723885
0.0384230552707 0.777321232746 0.0199997156077 0.0256355803939 0.0234864768743 360.616870013
0.0384230552707 0.777321232746 0.0199997156077 0.0256355803939 0.0234864768743 360.616870013
0.0384230552707 0.777321232746 0.0199997156077 0.0256355803939 0.0234864768743 360.616870013
0.0384230552707 0.777321232746 0.0199997156077 0.0256355803939 0.0234864768743 360.616870013
0.0384230552707 0.777321232746 0.0199997156077 0.0256355803939 0.0234864768743 360.616870013
0.0384230552707 0.777321232746 0.0199997156077 0.0256355803939 0.0234864768743 360.616870013
0.0384230552707 0.777321232746 0.0199997156077 0.0256355803939 0.0234864768743 360.616870013
0.0384230552707 0.909795937496 0.0199997156077 0.0256355803939 0.0234864768743 360.845746286
0.0384230552707 0.909795937496 0.0199997156077 0.0256355803939 0.0234864768743 360.845746286
0.0384230552707 0.909795937496 0.0199997156077 0.0256355803939 0.0234864768743 360.845746286
0.0384230552707 0.909795937496 0.0199997156077 0.0256355803939 0.0234864768743 360.845746286
0.0384230552707 0.909795937496 0.0199997156077 0.0256355803939 0.0234864768743 360.845746286
0.0384230552707 0.909795937496 0.0199997156077 0.0256355803939 0.0234864768743 360.845746286
0.0384230552707 0.909795937496 0.0199997156077 0.0256355803939 0.0234864768743 360.845746286
0.0384230552707 0.763769126011 0.0199997156077 0.0256355803939 0.0234864768743 361.12404633
0.0384230552707 0.763769126011 0.0199997156077 0.0256355803939 0.0234864768743 361.12404633
0.0384230552707 0.763769126011 0.0199997156077 0.0256355803939 0.0234864768743 361.12404633
0.0384230552707 0.763769126011 0.0199997156077 0.0256355803939 0.0234864768743 361.12404633
0.0384230552707 0.763769126011 0.0199997156077 0.0256355803939 0.0234864768743 361.12404633
0.0384230552707 0.763769126011 0.0199997156077 0.0256355803939 0.0234864768743 361.12404633
0.0384230552707 0.763769126011 0.0199997156077 0.0256355803939 0.0234864768743 361.12404633
0.0384230552707 0.763769126011 0.0199997156077 0.0256355803939 0.0234864768743 361.12404633
0.0384230552707 0.763769126011 0.0199997156077 0.0256355803939 0.0234864768743 361.12404633
0.0384230552707 0.763769126011 0.0199997156077 0.0256355803939 0.0234864768743 361.12404633
0.0384230552707 0.763769126011 0.0199997156077 0.0256355803939 0.0234864768743 361.12404633
0.0384230552707 0.763769126011 0.0199997156077 0.0256355803939 0.0234864768743 361.12404633
0.0384230552707 0.763769126011 0.0199997156077 0.0256355803939 0.0234864768743 361.12404633
0.0384230552707 0.763769126011 0.0199997156077 0.0256355803939 0.0234864768743 361.12404633
0.0384230552707 0.763769126011 0.0199997156077 0.0256355803939 0.0234864768743 361.12404633
0.0384230552707 0.763769126011 0.0199997156077 0.0256355803939 0.0234864768743 361.12404633
0.0384230552707 0.763769126011 0.0199997156077 0.0256355803939 0.0234864768743 361.12404633
0.0384230552707 0.763769126011 0.0199997156077 0.0256355803939 0.0234864768743 361.12404633
0.0384230552707 0.763769126011 0.0199997156077 0.0256355803939 0.0234864768743 361.12404633
0.0384230552707 0.763769126011 0.0199997156077 0.0256355803939 0.0234864768743 361.12404633
0.0384230552707 0.763769126011 0.0199997156077 0.0256355803939 0.0234864768743 361.12404633
0.0384230552707 0.763769126011 0.0199997156077 0.0256355803939 0.0234864768743 361.12404633
0.0384230552707 0.843387803451 0.0199997156077 0.0256355803939 0.0234864768743 361.468582984
0.0384230552707 0.843387803451 0.0199997156077 0.0256355803939 0.0234864768743 361.468582984
0.0384230552707 0.843387803451 0.0199997156077 0.0256355803939 0.0234864768743 361.468582984
0.0384230552707 0.843387803451 0.0199997156077 0.0256355803939 0.0234864768743 361.468582984
0.0384230552707 0.843387803451 0.0199997156077 0.0256355803939 0.0234864768743 361.468582984
0.0384230552707 0.843387803451 0.0199997156077 0.0256355803939 0.0234864768743 361.468582984
0.0384230552707 0.843387803451 0.0199997156077 0.0256355803939 0.0234864768743 361.468582984
0.0384230552707 0.843387803451 0.0199997156077 0.0256355803939 0.0234864768743 361.468582984
0.0384230552707 0.843387803451 0.0199997156077 0.0256355803939 0.0234864768743 361.468582984
0.0384230552707 0.843387803451 0.0199997156077 0.0256355803939 0.0234864768743 361.468582984
0.0384230552707 0.843387803451 0.0199997156077 0.0256355803939 0.0234864768743 361.468582984
0.0384230552707 0.843387803451 0.0199997156077 0.0256355803939 0.0234864768743 361.468582984
0.0384230552707 0.843387803451 0.0199997156077 0.0256355803939 0.0234864768743 361.468582984
0.0384230552707 0.843387803451 0.0199997156077 0.0256355803939 0.0234864768743 361.468582984
0.0384230552707 0.843387803451 0.0199997156077 0.0256355803939 0.0234864768743 361.468582984
